2.9764999931224374e-14 
1.5172134633654766e-11 
5.789644631615816e-10 
7.6312591228454e-09 
5.6103760534561044e-08 
2.8479773629897336e-07 
1.118602687407371e-06 
3.6385062694313305e-06 
1.024031291227631e-05 
2.5694565422704783e-05 
5.871841861589101e-05 
0.0001241518112071053 
0.0002457934707235393 
0.0004598972527617778 
0.0008192583635966705 
0.0013977365422021821 
0.0022949755488871604 
0.0036409930286718604 
0.005600240541491367 
0.008374678962588387 
0.01220538758810445 
0.017372232732239236 
0.024191167824522797 
0.033008823730231646 
0.044194173824159244 
0.0581272185686119 
0.07518482112196903 
0.0957240281604955 
0.12006341575655496 
0.14846319456542276 
0.1811049770771871 
0.2180722383068488 
0.2593325777890638 
0.30472290562855875 
0.35393862274727456 
0.40652774370411776 
0.46189072245338275 
0.5192864946654857 
0.5778449565733413 
0.6365857752298032 
0.6944430868513372 
0.7502953085237652 
0.802998984279423 
0.8514253287790333 
0.894497937625868 
0.9312300163165579 
0.9607594491575678 
0.9823800891698976 
0.9955677985831705 
1.0 
